# Created by Octave 4.0.0, Sun May 15 15:31:59 2016 IST <rudresh@rudresh-Inspiron-5558>
# name: x
# type: matrix
# rows: 30
# columns: 4
 0.7954025008768749 0.003480001339991201 0.02579709252313327 0.4073565808953972
 0.5756099277750215 0.6192689903766802 0.007748000808100497 0.7683005820122087
 0.9779153135099631 0.4081064873634231 0.7757667375089841 0.6859171007562278
 0.4927017419899222 0.2693283091206594 0.009539399988459474 0.7742884403769348
 0.1056445315078901 0.09367917977258393 0.6893104832948657 0.7154367563092925
 0.5859559260162589 0.6538556668241868 0.9859350799095323 0.1043513101299074
 0.9465823188756688 0.0539340159760731 0.9415794127874114 0.2735996204136803
 0.6920099486877025 0.7812410549622222 0.9594006208282987 0.6880204122577258
 0.8700759902489561 0.9529566640293897 0.8678905070257397 0.2757238346145113
 0.5924304135537816 0.889081725782607 0.7624818305625772 0.6057910355941393
 0.9090817942243971 0.9616007138727874 0.5921135488752538 0.9017764933744533
 0.605844061824661 0.3216318057818698 0.3822290159075191 0.2006488520825525
 0.9728517130388145 0.8430415619290963 0.170820957514611 0.081860974434161
 0.9111569901210541 0.7437154936821132 0.5623737630393357 0.4420103328690873
 0.8339051482769908 0.4916585499310496 0.6589391566999603 0.2166580549917056
 0.9462424732171901 0.0457402413195666 0.8049678921800139 0.2090336234570006
 0.6691004959445382 0.5065249030045554 0.3840954274668575 0.8070563540990952
 0.5575207926736805 0.3440925847849031 0.9145485290251281 0.5144257750757358
 0.3277899459858836 0.7664401327152306 0.8088317608649702 0.01971569021917834
 0.2726959746695111 0.4054019720658947 0.3016653704848865 0.3982039992265358
 0.3894830227967638 0.4521936774552063 0.2083214205902463 0.4889859727513041
 0.347721566835865 0.8038391048948769 0.06693381768337885 0.7430180475133066
 0.6174798214052386 0.3993605360283567 0.3356914717979037 0.4628520809293679
 0.9205221374960253 0.6500074332188651 0.08256714326682361 0.6488630334516309
 0.7897361984933601 0.6706271710018654 0.5676181763817508 0.3276705733022883
 0.2426604915500937 0.1027244389321142 0.8994978855106694 0.7595509818264734
 0.3149745598094554 0.9705694777382332 0.955788357924345 0.8341857165216776
 0.5010213076590733 0.6553245275827663 0.9108639664256954 0.5821821704140887
 0.7557031711686851 0.6556295460399811 0.8712069494131539 0.6180378992029519
 0.03988671461351172 0.1458262982075968 0.1983163791738631 0.5512693535858942


